GWEvent,SC Spec,SC HS+SSD,SC HS+gwSSD,AbsE Spec,AbsE HS+SSD,AbsE HS+gwSSD
GW150914,0.00172610949170323,0.0794644984901977,0.0843958103329935,0.25702807301581,0.00950392908000051,0.0104065936689179
GW151012,0.000322350109141869,0.0174560330532203,0.0175497359970202,0.0303141286023615,0.00144823700226244,0.00149387837644776
GW151226,5.86106517850586e-05,0.00931171422817945,0.0121469510871626,0.00148895656208563,0.000223869812434227,0.00024242396371008
GW170104,5.21630697519627e-05,0.0143780115542568,0.0140187218195049,0.000991944365690375,0.000255411146324453,0.00024392488833967
GW170608,0.000119089474674816,0.0158132354485084,0.0156786450508941,0.00233811568637159,0.000276837469384612,0.000273336854578053
GW170729,0.00019717343652444,0.0179023333116142,0.018973132209008,0.00413225290368202,0.000186313214809179,0.000195582848028832
GW170809,0.000812599688974149,0.053629855809713,0.057379800822231,0.177588872748424,0.00967974226565613,0.00954862470755611
GW170814,0.000427001848245847,0.0463292295392114,0.0455638511533343,0.0792687752978061,0.00803338321415591,0.00757580462828526
GW170818,0.00114783872380696,0.0489381838469261,0.0489381838469261,0.304402822285808,0.0115808861474129,0.0115808861474129
GW170823,4.78550499106065e-05,0.0106701733266656,0.0103281398989392,0.0101080994476295,0.00194080292681556,0.0018784394004139
GW190408_181802,0.000402750526814321,0.033411281396738,0.0326452735832071,0.0052640530163365,0.000375875679090719,0.000384619451386734
GW190412,0.00069548528890462,0.0488678337618624,0.0481455616649748,0.00603207828588554,0.00038579371941967,0.000382091720371199
GW190413_052954,9.7585814072657e-05,0.0117276446404227,0.0117548415379401,0.00282572063381604,0.000284043012683249,0.000284403451724365
GW190413_134308,0.000280279678101343,0.0152938456858352,0.015719678585838,0.00237393535803082,0.00011621911662378,0.000120206546210296
GW190421_213856,9.07979166391312e-05,0.0164909850089004,0.0165871589719686,0.00315721416872463,0.000464414773403589,0.000459238046661269
GW190424_180648,0.00056794923002066,0.0393189313972413,0.0415765324174713,0.00922092744571072,0.000545440266954684,0.000574187781014952
GW190425,9.49911713383748e-05,0.0201085775953556,0.0214285589058239,0.00478545487091417,0.000840689568508656,0.000960917738600333
GW190503_185404,0.000211486063134307,0.0128901073296317,0.0121142405388999,0.0389041898809832,0.00194552229505761,0.00188422343680242
GW190512_180714,0.00018146099415057,0.0133010987058315,0.013390710904792,0.00590517713365126,0.00039061718073341,0.000384584257362023
GW190513_205428,0.000140621266226435,0.0116831837388344,0.0117295457733407,0.0103970988508679,0.000740142405934365,0.000746245291324159
GW190514_065416,9.87984539608434e-05,0.0231233292858405,0.0212514959306657,0.00982095365293926,0.00194109981946921,0.00188056403070335
GW190517_055101,0.00026708500647287,0.0226761860884484,0.0226487879841367,0.0048058385896633,0.000333928815443774,0.000333473417113062
GW190519_153544,0.000259088610697745,0.0199611817325753,0.0187607812515515,0.00172980189912136,0.00011838170710218,9.75723604402586e-05
GW190521_030229,0.00048059947625501,0.0681235236520888,0.0666559801594047,0.0132906957798832,0.0016363369022749,0.00158162608203069
GW190521_074359,0.000654001898729327,0.0342273866295292,0.0331962585882041,0.0109780324063243,0.000491974363996732,0.000471562448941143
GW190527_092055,0.000230222098144976,0.0231541620910744,0.023153251586856,0.0134844928029493,0.00108647001727494,0.00108632608495508
GW190602_175927,0.000150114769117717,0.0152758431319766,0.0158013965878044,0.00451381737691863,0.000377497533069233,0.00039036461416851
GW190620_030421,0.000372033615655444,0.0203481106652914,0.0207491707920071,0.0121531284276665,0.000591966907898752,0.000602160078709624
GW190630_185205,0.000712066779449935,0.0539410874261126,0.0532056025351631,0.0221940467088956,0.00109994849206528,0.00116220243775411
GW190701_203306,0.000362197116967842,0.0270642010268614,0.0269913839639912,0.00836530156262615,0.000527972470284787,0.000523272001572308
GW190706_222641,0.000173660404425479,0.0152044259730702,0.0148877098610973,0.00270013759314858,0.000207364214414531,0.000216328183949831
GW190707_093326,6.26593572057734e-05,0.0160593209497072,0.0159484866279325,0.00137362652612243,0.000307704327554667,0.00030260609063313
GW190708_232457,0.000809838372498302,0.0413470885887432,0.0441059702656222,0.0128066207832252,0.000597721360251384,0.000666342395431727
GW190719_215514,0.000103590478121777,0.0154026830312697,0.0163662467632293,0.0150187109265386,0.00184101098076717,0.00200024460928161
GW190720_000836,0.000562361649363958,0.0409809304577364,0.0400847763419008,0.0111727148023255,0.000649038903126997,0.000646811903091129
GW190727_060333,0.000258104245997957,0.0182526352565049,0.018212618237408,0.056149747272802,0.00340083621996234,0.0034395514529094
GW190728_064510,0.000243064347260401,0.0195556837279269,0.0214232199383267,0.00418104118994033,0.000318489214524902,0.000369237255012581
GW190731_140936,0.000223958513278775,0.0217159590733345,0.0226062083340828,0.00847972002601637,0.000673475836109694,0.000704654742866402
GW190803_022701,0.000460649893012783,0.0282837591885037,0.0283212245715536,0.00491480170710093,0.000278407008844747,0.000279050762272554
GW190814,0.000609107636794556,0.0539914018907407,0.0539710133914215,0.0049041714428169,0.000382168103069539,0.000382171468944485
GW190828_063405,0.000267774610465658,0.0236583430789849,0.0247517647429148,0.0510987056782684,0.00413039084209782,0.00434444588432568
GW190828_065509,4.2980553062944e-05,0.0172470911008783,0.0173874606794796,0.0078332722336368,0.00289822489277988,0.00292301748470667
GW190909_114149,9.61479336751233e-05,0.0313159733410277,0.0313130626221137,0.010022577569221,0.00315777991631338,0.00311187535017171
GW190910_112807,0.000158294167174468,0.0148184418026647,0.0145165538369883,0.00256781047794178,0.000188822638466324,0.000203966744613951
GW190915_235702,0.000937594573578087,0.0616283294365143,0.0611830936357928,0.255373161951998,0.0130853455846065,0.0130264263629153
GW190924_021846,0.000587273059638942,0.0267908661309075,0.0264357254218866,0.00343417829265751,0.000128272335131617,0.000127913746719238
GW190929_012149,6.32608556281411e-05,0.0134251829703728,0.0137589000916611,0.000840818908488965,0.000149870890947096,0.000154139900440095
GW190930_133541,0.00016456983503196,0.0194309559867075,0.0193453768154467,0.00215420919526063,0.000239238741540745,0.000226302640754012
